[ 1.80618018e-01 -5.31034656e-02 -1.95781156e-01  4.15499173e-02
 -5.74952401e-02  2.60146767e-01 -7.45957121e-02  7.79784843e-02
  8.71505067e-02  1.80928424e-01  2.40322351e-01  4.26601991e-02
  5.27253151e-02 -8.21785331e-02 -1.52376881e-02 -7.45122507e-02
 -1.56993389e-01  2.74826009e-02 -1.25523889e-02  2.23060809e-02
 -2.68115364e-02  6.26140088e-02  1.21784806e-01  8.52978006e-02
 -1.54954374e-01  1.80374488e-01 -1.03648283e-01  1.51305526e-01
 -6.06141984e-02 -1.35993481e-01 -2.18493253e-01  8.13761260e-03
  1.34060174e-01  6.93791881e-02 -1.22242033e-01  4.02990617e-02
  8.57466180e-03 -6.00625202e-02 -1.43027574e-01 -1.21835815e-02
  1.72048390e-01  6.85917167e-03  4.16341312e-02 -1.46444082e-01
 -1.76161125e-01  9.66146439e-02  8.36028159e-02 -1.66334241e-04
 -1.70656994e-01 -1.85392925e-03  5.00190966e-02  1.31031424e-01
  3.57218087e-02  4.60828538e-04  1.30917192e-01  2.83827353e-02
  1.10218925e-02  6.16657957e-02  1.99400842e-01  1.51856691e-01
 -9.72905569e-03  1.29569974e-02 -7.19061494e-02 -9.05652046e-02
 -2.81333197e-02  2.22959995e-01  2.29690894e-02  1.89485684e-01
 -1.43193871e-01 -1.03729911e-01 -4.94525321e-02 -1.84601367e-01
  1.50244191e-01 -1.56997845e-01 -3.47818471e-02  1.44352401e-02
 -5.44108339e-02 -1.10017404e-01 -8.51559453e-03  3.46608274e-02
 -3.12754256e-03  1.72373392e-02 -8.73068720e-02  5.84428795e-02
 -1.00396059e-01 -3.73394005e-02  1.44978687e-01  8.41812491e-02
 -2.01573595e-02 -5.43593764e-02  6.49126470e-02 -9.88601055e-03
 -7.42959091e-03  3.42490487e-02  2.38631114e-01 -1.38754964e-01
 -4.58318554e-02  5.26934601e-02 -1.35140717e-01  2.54513323e-02]
[ 0.00888148 -0.02173578  0.01679206  0.0266018  -0.0623627   0.0574788
 -0.02876396  0.06515899 -0.00054504 -0.02466146  0.236223    0.08958536
  0.06871027 -0.07353643 -0.07539759 -0.12613943 -0.0224108   0.11939755
 -0.0282432   0.16689537  0.00515591 -0.094303   -0.08951759  0.02883562
 -0.14917493  0.2190994  -0.27000344  0.15468611 -0.111297   -0.13558939
 -0.16079582 -0.00495605 -0.02931944  0.00364968 -0.09424733  0.05071388
  0.11863984  0.18863523  0.01905778  0.110556    0.31682724  0.06477901
  0.07563937 -0.12941997 -0.12438723 -0.10416409  0.14998823 -0.2558312
 -0.10598948  0.08352453  0.00101709 -0.03434753  0.07436276 -0.15968104
 -0.15582854  0.03605722 -0.07630837  0.00350834 -0.08615457  0.078002
  0.02300492  0.15770058  0.03452113  0.00791283  0.04828717 -0.02189716
  0.12355905  0.00747206 -0.03990876 -0.06693997  0.00815402 -0.07453129
  0.20818223 -0.04168678 -0.07374645  0.00665767 -0.00922778  0.06918429
  0.04195653 -0.07976918  0.08637947  0.12109688 -0.0982053   0.02230817
  0.07791002  0.00592281 -0.04319669 -0.00238848 -0.03379926 -0.15069611
  0.04201733  0.09272023  0.20764375 -0.00490848  0.27406064  0.00183432
 -0.09535449  0.14559264  0.03229814  0.07512127]
[ 0.06560708 -0.06642649 -0.03197054 -0.02200634 -0.0411967   0.05848422
 -0.05020075 -0.05493778 -0.02193655 -0.0828786   0.1755357   0.0710623
  0.04217709 -0.11804296 -0.05619337  0.12088863 -0.02642681  0.12461556
  0.02758761  0.1590368  -0.18482703 -0.04457539 -0.06701639  0.07102188
 -0.22710858  0.07913341 -0.08797839  0.1442211  -0.00574497 -0.07751996
 -0.07274608 -0.02132152  0.00047353 -0.03268018 -0.15236065  0.20076483
  0.03820005  0.08349138  0.21986772 -0.13035353  0.25022015 -0.06392945
  0.05029112 -0.06600639 -0.04671635  0.06065625  0.11209201 -0.03714636
 -0.24831218 -0.11901934  0.01984129  0.11128799 -0.05006989 -0.04374954
 -0.03974723  0.02562919  0.00996468 -0.12764992  0.14655793  0.05561753
 -0.01931507  0.01595854 -0.02038654  0.17902915  0.01594251 -0.08836123
 -0.03648394  0.11221479  0.09102469 -0.10797976 -0.07428496 -0.07643972
  0.13887909  0.10966515  0.11426146  0.08998609  0.08678514  0.12252901
  0.03878787 -0.11863229  0.03318251  0.08388563 -0.09630978  0.14271244
  0.09719456  0.009226    0.12188519  0.01063665 -0.00692079 -0.01912837
 -0.00919919  0.22640082  0.16065393  0.00979096  0.10666722 -0.03049725
 -0.18618225  0.00317849  0.16274248  0.17010178]
[ 0.04024567 -0.0125007  -0.02778983 -0.01573088 -0.07315475  0.09623707
 -0.0644152   0.03283421 -0.08136761  0.02262296  0.0464848   0.05867872
  0.02280675  0.0293967  -0.06366879 -0.12470663 -0.09233768  0.04919282
 -0.04693368  0.07756031 -0.00803102 -0.00035103 -0.0258732   0.0533386
 -0.14807208  0.08859507 -0.04284965  0.11409442  0.04345299  0.00608524
 -0.11926574 -0.07606409  0.00466426 -0.04703411 -0.09485789  0.14596252
  0.06598377  0.0487608   0.09359247 -0.03261007  0.18503533  0.01662503
  0.05196325 -0.1110016  -0.12086631  0.00068214  0.07598992 -0.04340904
 -0.12665692 -0.03701414  0.05540225  0.03572369 -0.02166212  0.01112718
 -0.09347115  0.02331902 -0.00438251 -0.04091097  0.06315582  0.04493767
  0.04932283 -0.04119112  0.02471269  0.02893074  0.02456252 -0.06403846
  0.09432051 -0.01766815  0.01090032 -0.0241524  -0.04048973 -0.0742245
  0.11070172  0.02613712 -0.00055262  0.03630999 -0.00271037  0.04588011
  0.02115339 -0.06913714  0.01090366 -0.04716527 -0.0094789   0.06671544
 -0.02938071 -0.02753346  0.10441369  0.03565589 -0.01727825 -0.01143221
  0.02649501 -0.03236189  0.13233939  0.06069938  0.20779555 -0.0748032
 -0.0337453   0.11180153 -0.03430521  0.0524023 ]
[ 1.89678147e-01  5.82128651e-02 -3.01587675e-02 -3.72245274e-02
 -1.74560413e-01  8.32414478e-02  3.62657644e-02  2.30188459e-01
 -1.77876353e-01 -1.94698006e-01  7.73894191e-02  1.19271636e-01
  3.02405149e-01 -1.22839808e-01 -2.00347096e-01 -8.81141983e-03
  8.53875354e-02  5.16957715e-02 -2.52093911e-01 -1.10892355e-01
  1.41738817e-01  1.18094318e-01  2.57340353e-02 -1.90668216e-03
 -3.72197479e-01  1.80155903e-01 -1.91625878e-01  1.33017480e-01
 -6.64035231e-02 -7.97870308e-02 -9.76119861e-02 -1.52552456e-01
 -6.32383451e-02  1.22533403e-01  1.77177694e-03  2.00129256e-01
  7.56059438e-02  1.72221720e-01 -3.58124846e-04 -5.39797023e-02
  2.92520225e-01  1.03947826e-01 -5.65282814e-02 -1.63194388e-01
  5.65443002e-02  1.68646500e-01 -6.07262924e-03 -2.44371518e-01
 -1.20448761e-01  9.70513448e-02 -1.63081571e-01  3.83695871e-01
 -3.54654603e-02  5.76806068e-02 -3.28557938e-02 -2.79469881e-03
 -1.98471859e-01 -5.24758883e-02  9.81421173e-02  2.93627083e-01
  1.22432895e-01  5.55439014e-03  1.52084038e-01  1.20652847e-01
 -1.97540522e-01 -7.86715969e-02  1.07130907e-01  1.98744789e-01
  1.61521763e-01  1.69402640e-02 -1.18884213e-01 -1.74602047e-01
  3.42772096e-01 -2.73009972e-03  1.25451852e-02  1.36987846e-02
 -1.23203181e-01 -6.65921718e-02 -2.14298833e-02 -5.17140254e-02
  5.88241918e-03  9.04227942e-02 -7.05601647e-02  2.70820916e-01
  5.16161099e-02  2.45201796e-01  8.26988444e-02  2.79746782e-02
  4.36994657e-02 -2.23090827e-01  1.01130925e-01 -5.85424267e-02
  1.82766110e-01 -1.76107064e-02  3.57436657e-01 -6.92414269e-02
 -1.33449033e-01  2.70721376e-01 -1.12107910e-01 -1.71882175e-02]
[ 0.26112476 -0.10191953 -0.09604058 -0.04523958 -0.1994171   0.08688641
  0.03989016  0.11467805 -0.13784266 -0.20509036  0.02824108  0.07292712
  0.31782207 -0.1412799  -0.2588622  -0.10005487  0.05557567  0.00957651
 -0.26158574 -0.07270903  0.08805452  0.1643505   0.03522557  0.05911022
 -0.44151354  0.11871698 -0.16976747  0.08954363 -0.15357558 -0.06537163
 -0.11380566 -0.20579877 -0.02695322  0.0813392  -0.13144156  0.3263756
  0.09108051  0.12104157  0.08679559  0.01536473  0.40712613  0.13663778
  0.00679659 -0.25647962  0.03053757  0.17164217 -0.02766859 -0.22389507
 -0.15868223  0.08388746 -0.18029502  0.33557847  0.00304607  0.12019005
 -0.07148016  0.00381219 -0.13547935 -0.13056637  0.08280863  0.20373015
  0.1472587  -0.03302009  0.18121304  0.07088875 -0.24747638 -0.14012249
  0.00324122  0.20865251  0.19352245 -0.01772241 -0.2011406  -0.29044226
  0.39451155  0.15234256  0.14497863  0.00305926 -0.15218689 -0.04788886
 -0.00159869 -0.09977031 -0.0842815   0.11430385 -0.05019944  0.29586506
  0.10244219  0.27406973  0.23876184 -0.04561208  0.02781096 -0.26552317
  0.14224876 -0.21326543  0.08270776  0.04921253  0.2918958  -0.03666153
 -0.20336     0.22511545 -0.1501507  -0.04869409]
